function cmap = psychNEGcmap()
%
% created using diverging map with the folowing parameters (colors based
% off of the PSYCH scale in wb_view [from the github source repository])
%
%   s=linspace(0,1,512);
%   rgb1 = [0 68 255]
%   rgb2 = [0 255 255] % N.B.: wb_view uses [0 204 255] here
% cmap=diverging_map(s,rgb1,rgb2)
%
% See http://www.kennethmoreland.com/color-maps/ for information on
% diverging_map.m

cmap = [ 0.0115    1.0000    1.0000
         0    0.9987    1.0000
         0    0.9973    1.0000
         0    0.9960    1.0000
         0    0.9947    1.0000
         0    0.9933    1.0000
         0    0.9920    1.0000
         0    0.9906    1.0000
         0    0.9892    1.0000
         0    0.9879    1.0000
         0    0.9865    1.0000
         0    0.9851    1.0000
         0    0.9837    1.0000
         0    0.9823    1.0000
         0    0.9810    1.0000
         0    0.9796    1.0000
         0    0.9782    1.0000
         0    0.9768    1.0000
         0    0.9754    1.0000
         0    0.9740    1.0000
         0    0.9726    1.0000
         0    0.9711    1.0000
         0    0.9697    1.0000
         0    0.9683    1.0000
         0    0.9669    1.0000
         0    0.9654    1.0000
         0    0.9640    1.0000
         0    0.9626    1.0000
         0    0.9611    1.0000
         0    0.9597    1.0000
         0    0.9582    1.0000
         0    0.9568    1.0000
         0    0.9553    1.0000
         0    0.9539    1.0000
         0    0.9524    1.0000
         0    0.9510    1.0000
         0    0.9495    1.0000
         0    0.9481    1.0000
         0    0.9466    1.0000
         0    0.9451    1.0000
         0    0.9436    1.0000
         0    0.9422    1.0000
         0    0.9407    1.0000
         0    0.9392    1.0000
         0    0.9377    1.0000
         0    0.9362    1.0000
         0    0.9347    1.0000
         0    0.9333    1.0000
         0    0.9318    1.0000
         0    0.9303    1.0000
         0    0.9288    1.0000
         0    0.9273    1.0000
         0    0.9258    1.0000
         0    0.9243    1.0000
         0    0.9228    1.0000
         0    0.9213    1.0000
         0    0.9198    1.0000
         0    0.9183    1.0000
         0    0.9167    1.0000
         0    0.9152    1.0000
         0    0.9137    1.0000
         0    0.9122    1.0000
         0    0.9107    1.0000
         0    0.9092    1.0000
         0    0.9076    1.0000
         0    0.9061    1.0000
         0    0.9046    1.0000
         0    0.9031    1.0000
         0    0.9016    1.0000
         0    0.9000    1.0000
         0    0.8985    1.0000
         0    0.8970    1.0000
         0    0.8954    1.0000
         0    0.8939    1.0000
         0    0.8924    1.0000
         0    0.8908    1.0000
         0    0.8893    1.0000
         0    0.8878    1.0000
         0    0.8862    1.0000
         0    0.8847    1.0000
         0    0.8832    1.0000
         0    0.8816    1.0000
         0    0.8801    1.0000
         0    0.8786    1.0000
         0    0.8770    1.0000
         0    0.8755    1.0000
         0    0.8740    1.0000
         0    0.8724    1.0000
         0    0.8709    1.0000
         0    0.8693    1.0000
         0    0.8678    1.0000
         0    0.8663    1.0000
         0    0.8647    1.0000
         0    0.8632    1.0000
         0    0.8616    1.0000
         0    0.8601    1.0000
         0    0.8585    1.0000
         0    0.8570    1.0000
         0    0.8555    1.0000
         0    0.8539    1.0000
         0    0.8524    1.0000
         0    0.8508    1.0000
         0    0.8493    1.0000
         0    0.8478    1.0000
         0    0.8462    1.0000
         0    0.8447    1.0000
         0    0.8431    1.0000
         0    0.8416    1.0000
         0    0.8401    1.0000
         0    0.8385    1.0000
         0    0.8370    1.0000
         0    0.8354    1.0000
         0    0.8339    1.0000
         0    0.8324    1.0000
         0    0.8308    1.0000
         0    0.8293    1.0000
         0    0.8278    1.0000
         0    0.8262    1.0000
         0    0.8247    1.0000
         0    0.8232    1.0000
         0    0.8216    1.0000
         0    0.8201    1.0000
         0    0.8186    1.0000
         0    0.8170    1.0000
         0    0.8155    1.0000
         0    0.8140    1.0000
         0    0.8125    1.0000
         0    0.8109    1.0000
         0    0.8094    1.0000
         0    0.8079    1.0000
         0    0.8064    1.0000
         0    0.8048    1.0000
         0    0.8033    1.0000
         0    0.8018    1.0000
         0    0.8003    1.0000
         0    0.7987    1.0000
         0    0.7972    1.0000
         0    0.7957    1.0000
         0    0.7942    1.0000
         0    0.7927    1.0000
         0    0.7912    1.0000
         0    0.7897    1.0000
         0    0.7882    1.0000
         0    0.7866    1.0000
         0    0.7851    1.0000
         0    0.7836    1.0000
         0    0.7821    1.0000
         0    0.7806    1.0000
         0    0.7791    1.0000
         0    0.7776    1.0000
         0    0.7761    1.0000
         0    0.7746    1.0000
         0    0.7731    1.0000
         0    0.7716    1.0000
         0    0.7701    1.0000
         0    0.7686    1.0000
         0    0.7672    1.0000
         0    0.7657    1.0000
         0    0.7642    1.0000
         0    0.7627    1.0000
         0    0.7612    1.0000
         0    0.7597    1.0000
         0    0.7582    1.0000
         0    0.7568    1.0000
         0    0.7553    1.0000
         0    0.7538    1.0000
         0    0.7523    1.0000
         0    0.7509    1.0000
         0    0.7494    1.0000
         0    0.7479    1.0000
         0    0.7465    1.0000
         0    0.7450    1.0000
         0    0.7435    1.0000
         0    0.7421    1.0000
         0    0.7406    1.0000
         0    0.7392    1.0000
         0    0.7377    1.0000
         0    0.7362    1.0000
         0    0.7348    1.0000
         0    0.7333    1.0000
         0    0.7319    1.0000
         0    0.7304    1.0000
         0    0.7290    1.0000
         0    0.7276    1.0000
         0    0.7261    1.0000
         0    0.7247    1.0000
         0    0.7232    1.0000
         0    0.7218    1.0000
         0    0.7204    1.0000
         0    0.7189    1.0000
         0    0.7175    1.0000
         0    0.7161    1.0000
         0    0.7147    1.0000
         0    0.7132    1.0000
         0    0.7118    1.0000
         0    0.7104    1.0000
         0    0.7090    1.0000
         0    0.7076    1.0000
         0    0.7061    1.0000
         0    0.7047    1.0000
         0    0.7033    1.0000
         0    0.7019    1.0000
         0    0.7005    1.0000
         0    0.6991    1.0000
         0    0.6977    1.0000
         0    0.6963    1.0000
         0    0.6949    1.0000
         0    0.6935    1.0000
         0    0.6921    1.0000
         0    0.6907    1.0000
         0    0.6893    1.0000
         0    0.6880    1.0000
         0    0.6866    1.0000
         0    0.6852    1.0000
         0    0.6838    1.0000
         0    0.6824    1.0000
         0    0.6810    1.0000
         0    0.6797    1.0000
         0    0.6783    1.0000
         0    0.6769    1.0000
         0    0.6756    1.0000
         0    0.6742    1.0000
         0    0.6728    1.0000
         0    0.6715    1.0000
         0    0.6701    1.0000
         0    0.6688    1.0000
         0    0.6674    1.0000
         0    0.6660    1.0000
         0    0.6647    1.0000
         0    0.6633    1.0000
         0    0.6620    1.0000
         0    0.6607    1.0000
         0    0.6593    1.0000
         0    0.6580    1.0000
         0    0.6566    1.0000
         0    0.6553    1.0000
         0    0.6540    1.0000
         0    0.6526    1.0000
         0    0.6513    1.0000
         0    0.6500    1.0000
         0    0.6486    1.0000
         0    0.6473    1.0000
         0    0.6460    1.0000
         0    0.6447    1.0000
