function cmap = psychPOScmap()
%
% created using diverging map with the folowing parameters (colors based
% off of the PSYCH scale in wb_view [from the github source repository])
%
%   s=linspace(0,1,512);
%   rgb1 = [255 68 0]
%   rgb2 = [255 255 0]
% cmap=diverging_map(s,rgb1,rgb2)
%
% See http://www.kennethmoreland.com/color-maps/ for information on
% diverging_map.m
cmap = [ 1.0000    0.2667    0.0028
    1.0000    0.2687         0
    1.0000    0.2707         0
    1.0000    0.2726         0
    1.0000    0.2746         0
    1.0000    0.2765         0
    1.0000    0.2784         0
    1.0000    0.2803         0
    1.0000    0.2822         0
    1.0000    0.2841         0
    1.0000    0.2860         0
    1.0000    0.2878         0
    1.0000    0.2897         0
    1.0000    0.2915         0
    1.0000    0.2934         0
    1.0000    0.2952         0
    1.0000    0.2970         0
    1.0000    0.2988         0
    1.0000    0.3006         0
    1.0000    0.3023         0
    1.0000    0.3041         0
    1.0000    0.3059         0
    1.0000    0.3076         0
    1.0000    0.3094         0
    1.0000    0.3111         0
    1.0000    0.3128         0
    1.0000    0.3145         0
    1.0000    0.3163         0
    1.0000    0.3180         0
    1.0000    0.3197         0
    1.0000    0.3213         0
    1.0000    0.3230         0
    1.0000    0.3247         0
    1.0000    0.3264         0
    1.0000    0.3280         0
    1.0000    0.3297         0
    1.0000    0.3313         0
    1.0000    0.3330         0
    1.0000    0.3346         0
    1.0000    0.3362         0
    1.0000    0.3379         0
    1.0000    0.3395         0
    1.0000    0.3411         0
    1.0000    0.3427         0
    1.0000    0.3443         0
    1.0000    0.3459         0
    1.0000    0.3475         0
    1.0000    0.3491         0
    1.0000    0.3506         0
    1.0000    0.3522         0
    1.0000    0.3538         0
    1.0000    0.3553         0
    1.0000    0.3569         0
    1.0000    0.3585         0
    1.0000    0.3600         0
    1.0000    0.3616         0
    1.0000    0.3631         0
    1.0000    0.3646         0
    1.0000    0.3662         0
    1.0000    0.3677         0
    1.0000    0.3692         0
    1.0000    0.3707         0
    1.0000    0.3723         0
    1.0000    0.3738         0
    1.0000    0.3753         0
    1.0000    0.3768         0
    1.0000    0.3783         0
    1.0000    0.3798         0
    1.0000    0.3813         0
    1.0000    0.3828         0
    1.0000    0.3843         0
    1.0000    0.3857         0
    1.0000    0.3872         0
    1.0000    0.3887         0
    1.0000    0.3902         0
    1.0000    0.3916         0
    1.0000    0.3931         0
    1.0000    0.3946         0
    1.0000    0.3960         0
    1.0000    0.3975         0
    1.0000    0.3989         0
    1.0000    0.4004         0
    1.0000    0.4018         0
    1.0000    0.4033         0
    1.0000    0.4047         0
    1.0000    0.4062         0
    1.0000    0.4076         0
    1.0000    0.4090         0
    1.0000    0.4105         0
    1.0000    0.4119         0
    1.0000    0.4133         0
    1.0000    0.4148         0
    1.0000    0.4162         0
    1.0000    0.4176         0
    1.0000    0.4190         0
    1.0000    0.4204         0
    1.0000    0.4219         0
    1.0000    0.4233         0
    1.0000    0.4247         0
    1.0000    0.4261         0
    1.0000    0.4275         0
    1.0000    0.4289         0
    1.0000    0.4303         0
    1.0000    0.4317         0
    1.0000    0.4331         0
    1.0000    0.4345         0
    1.0000    0.4359         0
    1.0000    0.4373         0
    1.0000    0.4387         0
    1.0000    0.4400         0
    1.0000    0.4414         0
    1.0000    0.4428         0
    1.0000    0.4442         0
    1.0000    0.4456         0
    1.0000    0.4470         0
    1.0000    0.4483         0
    1.0000    0.4497         0
    1.0000    0.4511         0
    1.0000    0.4525         0
    1.0000    0.4538         0
    1.0000    0.4552         0
    1.0000    0.4566         0
    1.0000    0.4579         0
    1.0000    0.4593         0
    1.0000    0.4607         0
    1.0000    0.4620         0
    1.0000    0.4634         0
    1.0000    0.4647         0
    1.0000    0.4661         0
    1.0000    0.4675         0
    1.0000    0.4688         0
    1.0000    0.4702         0
    1.0000    0.4715         0
    1.0000    0.4729         0
    1.0000    0.4742         0
    1.0000    0.4756         0
    1.0000    0.4769         0
    1.0000    0.4783         0
    1.0000    0.4796         0
    1.0000    0.4810         0
    1.0000    0.4823         0
    1.0000    0.4837         0
    1.0000    0.4850         0
    1.0000    0.4863         0
    1.0000    0.4877         0
    1.0000    0.4890         0
    1.0000    0.4904         0
    1.0000    0.4917         0
    1.0000    0.4930         0
    1.0000    0.4944         0
    1.0000    0.4957         0
    1.0000    0.4970         0
    1.0000    0.4984         0
    1.0000    0.4997         0
    1.0000    0.5010         0
    1.0000    0.5024         0
    1.0000    0.5037         0
    1.0000    0.5050         0
    1.0000    0.5064         0
    1.0000    0.5077         0
    1.0000    0.5090         0
    1.0000    0.5103         0
    1.0000    0.5117         0
    1.0000    0.5130         0
    1.0000    0.5143         0
    1.0000    0.5156         0
    1.0000    0.5170         0
    1.0000    0.5183         0
    1.0000    0.5196         0
    1.0000    0.5209         0
    1.0000    0.5222         0
    1.0000    0.5236         0
    1.0000    0.5249         0
    1.0000    0.5262         0
    1.0000    0.5275         0
    1.0000    0.5288         0
    1.0000    0.5302         0
    1.0000    0.5315         0
    1.0000    0.5328         0
    1.0000    0.5341         0
    1.0000    0.5354         0
    1.0000    0.5367         0
    1.0000    0.5381         0
    1.0000    0.5394         0
    1.0000    0.5407         0
    1.0000    0.5420         0
    1.0000    0.5433         0
    1.0000    0.5446         0
    1.0000    0.5459         0
    1.0000    0.5473         0
    1.0000    0.5486         0
    1.0000    0.5499         0
    1.0000    0.5512         0
    1.0000    0.5525         0
    1.0000    0.5538         0
    1.0000    0.5551         0
    1.0000    0.5564         0
    1.0000    0.5578         0
    1.0000    0.5591         0
    1.0000    0.5604         0
    1.0000    0.5617         0
    1.0000    0.5630         0
    1.0000    0.5643         0
    1.0000    0.5656         0
    1.0000    0.5669         0
    1.0000    0.5682         0
    1.0000    0.5696         0
    1.0000    0.5709         0
    1.0000    0.5722         0
    1.0000    0.5735         0
    1.0000    0.5748         0
    1.0000    0.5761         0
    1.0000    0.5774         0
    1.0000    0.5787         0
    1.0000    0.5800         0
    1.0000    0.5813         0
    1.0000    0.5827         0
    1.0000    0.5840         0
    1.0000    0.5853         0
    1.0000    0.5866         0
    1.0000    0.5879         0
    1.0000    0.5892         0
    1.0000    0.5905         0
    1.0000    0.5918         0
    1.0000    0.5931         0
    1.0000    0.5944         0
    1.0000    0.5958         0
    1.0000    0.5971         0
    1.0000    0.5984         0
    1.0000    0.5997         0
    1.0000    0.6010         0
    1.0000    0.6023         0
    1.0000    0.6036         0
    1.0000    0.6049         0
    1.0000    0.6062         0
    1.0000    0.6076         0
    1.0000    0.6089         0
    1.0000    0.6102         0
    1.0000    0.6115         0
    1.0000    0.6128         0
    1.0000    0.6141         0
    1.0000    0.6154         0
    1.0000    0.6167         0
    1.0000    0.6181         0
    1.0000    0.6194         0
